%YAML:1.0
---
R: !!opencv-matrix
   rows: 3
   cols: 3
   dt: f
   data: [ 1, 1.89964849e-05, -0.00017312367, -1.89916173e-05, 1, 2.8112534e-05, 0.000173124194, -2.81092452e-05, 1 ]
T: !!opencv-matrix
   rows: 1
   cols: 3
   dt: f
   data: [ -4.13235331, -0.0420858636, -0.00261657196 ]
M1: !!opencv-matrix
   rows: 3
   cols: 3
   dt: f
   data: [ 511.71155, 0, 297.963867, 0, 511.613465, 255.323547, 0, 0, 1 ]
D1: !!opencv-matrix
   rows: 1
   cols: 5
   dt: f
   data: [ 0.000198164504, -0.00201636995, 0, 0, 0.00262780651 ]
alpha1: 0.
M2: !!opencv-matrix
   rows: 3
   cols: 3
   dt: f
   data: [ 511.653135, 0, 342.927643, 0, 511.57193, 255.763687, 0, 0, 1 ]
D2: !!opencv-matrix
   rows: 1
   cols: 5
   dt: f
   data: [ 0.000421567587, -0.00237609493, 0, 0, 0.00229821727 ]
alpha2: 0.
